3 SEQ
8 SEQ
12 ALT
13 SEQ
16 x41
24 x61
33 SEQ
36 x42
44 x62
53 SEQ
56 x43
64 x63
73 SEQ
76 x44
84 x65
99 x2a
108 ALT
109 SEQ
112 x61
120 x41
129 SEQ
132 x62
140 x42
149 SEQ
152 x63
160 x43
169 SEQ
172 x65
180 x44
195 x2b
204 ALT
207 range
208 x61
211 x66
220 range
221 x41
224 x46
233 range
234 x63
237 x63
257 dot
263 dot
269 x28

3 8 257 263 269
8 12 99 108 195 204
12 13 33 53 73
13 16 24
33 36 44
53 56 64
73 76 84
108 109 129 149 169
109 112 120
129 132 140
149 152 160
169 172 180
204 207 220 233
207 208 211
220 221 224
233 234 237
